1.000000000000000000e+00
1.100000000000000000e+01
1.390000000000000000e+02
1.200000000000000000e+01
1.000000000000000000e+00
3.300000000000000000e+01
3.100000000000000000e+01
9.200000000000000000e+01
1.070000000000000000e+02
4.700000000000000000e+01
1.240000000000000000e+02
5.000000000000000000e+01
3.000000000000000000e+01
6.200000000000000000e+01
4.900000000000000000e+01
9.100000000000000000e+01
1.000000000000000000e+00
9.000000000000000000e+00
5.200000000000000000e+01
1.160000000000000000e+02
2.400000000000000000e+01
6.000000000000000000e+00
6.900000000000000000e+01
1.570000000000000000e+02
8.900000000000000000e+01
7.100000000000000000e+01
9.100000000000000000e+01
7.900000000000000000e+01
6.900000000000000000e+01
1.120000000000000000e+02
1.380000000000000000e+02
1.080000000000000000e+02
5.300000000000000000e+01
3.700000000000000000e+01
7.500000000000000000e+01
3.300000000000000000e+01
4.200000000000000000e+01
1.320000000000000000e+02
6.700000000000000000e+01
1.210000000000000000e+02
3.700000000000000000e+01
7.400000000000000000e+01
7.400000000000000000e+01
4.000000000000000000e+01
4.100000000000000000e+01
1.220000000000000000e+02
4.000000000000000000e+01
1.220000000000000000e+02
3.900000000000000000e+01
2.600000000000000000e+01
4.400000000000000000e+01
2.300000000000000000e+01
3.800000000000000000e+01
1.760000000000000000e+02
8.200000000000000000e+01
1.760000000000000000e+02
4.400000000000000000e+01
5.700000000000000000e+01
2.800000000000000000e+01
3.900000000000000000e+01
7.800000000000000000e+01
1.710000000000000000e+02
7.800000000000000000e+01
1.710000000000000000e+02
