33 93
162 139
103 175
163 177
173 116
195 134
178 168
205 158
77 185
153 189
98 202
149 204
182 187
228 186
188 210
224 205
267 121
325 128
284 166
348 171
433 143
482 124
458 172
515 178
319 191
391 190
316 205
397 210
453 188
554 190
456 205
523 201
50 217
91 225
61 243
86 238
127 221
185 218
118 237
193 229
42 257
80 280
41 338
68 328
112 260
195 258
108 317
177 303
286 218
320 221
291 230
319 229
372 217
497 217
357 221
489 219
280 242
316 249
269 311
304 301
365 240
489 238
351 298
465 287
