-2.573845106479387912e+00
-1.875307209997009172e+00
-2.967921455248219598e+00
-2.466851711366240707e+00
-1.917335191228838553e+00
-2.896613990462928889e+00
-2.010638909610632741e+00
-2.730875690475121242e+00
-2.926777253188134420e+00
-2.761086276477428214e+00
-2.726100557648902800e+00
-2.645169900184911160e+00
-2.543173760111256065e+00
-2.752275931756652305e+00
-2.729182211992406071e+00
-2.869446763058606020e+00
-2.483167279806423711e+00
-2.810778903247442617e+00
-2.593043251139265148e+00
-2.921530950956228168e+00
-2.627141340530765312e+00
-2.736700867304709739e+00
-2.490515932145313638e+00
-3.003586629932273766e+00
-2.920278211242001820e+00
-2.847358088478605609e+00
-2.869446763058606020e+00
-2.887918557451150559e+00
-2.879472812324320508e+00
-2.875340604438867853e+00
-2.835713782184940968e+00
-2.896613990462928889e+00
-2.595937599062801304e+00
-2.498091544796508856e+00
-2.452668265374931877e+00
-2.300695984946627970e+00
-2.819842099193150986e+00
-3.032274119701892978e+00
-2.504043855451100420e+00
-2.779863412069861095e+00
-1.951302703907261460e+00
-2.276364504480107520e+00
-2.007423486608438168e+00
-2.137525544318402915e+00
-2.560836300022122813e+00
-2.832393741262718478e+00
-2.070143048475026504e+00
-2.414950312908067609e+00
-2.777613697080149269e+00
-2.838707785214821921e+00
-2.729182211992406071e+00
-2.701750070774056933e+00
-3.089009591978851610e+00
-3.119374088263074274e+00
-2.848405757031911012e+00
-2.959943823589781253e+00
-2.199592613210329617e+00
-2.498091544796508856e+00
-1.929566997065468748e+00
-1.942864085653017048e+00
-2.710453912871011006e+00
-2.891817864168544805e+00
-2.216177132622477952e+00
-2.474899827335522051e+00
