-2.468223452618332647e+00
-2.601173153319209064e+00
-2.721395939980518097e+00
-2.571552189890082829e+00
-2.404700102432728581e+00
-2.283857159653750024e+00
-2.523836928023560855e+00
-2.381829898714022509e+00
-2.961739153797315005e+00
-2.997438266476638802e+00
-2.761086276477428214e+00
-2.826377953839082302e+00
-2.709184878019255560e+00
-2.767259037582209480e+00
-2.753273935417327234e+00
-2.819842099193150986e+00
-2.682895499197830436e+00
-2.553590050042225723e+00
-2.677945044588986967e+00
-2.632000388780867617e+00
-2.688814181766257416e+00
-2.152176510599796533e+00
-2.727903440310929906e+00
-2.622446539343270100e+00
-2.664247271216121149e+00
-2.749252509374277231e+00
-2.766321830733835974e+00
-2.696291609702107461e+00
-2.736700867304709739e+00
-2.649783477601094894e+00
-2.613518205163433361e+00
-2.436024475904582154e+00
-2.792821650005886447e+00
-2.878597921908873758e+00
-2.709184878019255560e+00
-2.796945337971767032e+00
-2.966920454581553734e+00
-3.007781676115202529e+00
-2.833539872566016804e+00
-2.848405757031911012e+00
-2.380579899365063312e+00
-2.853005291695716039e+00
-1.730442996455558102e+00
-2.168680031670530806e+00
-2.663761598597678582e+00
-2.757775030301224284e+00
-2.185459278717062137e+00
-2.095592098445004048e+00
-2.835713782184940968e+00
-2.969401839066854176e+00
-2.317751900171157065e+00
-2.537843320192356700e+00
-2.449671271350934543e+00
-2.251317551462110877e+00
-2.356194490192344837e+00
-2.116451381321888370e+00
-2.605157195985062124e+00
-2.846655594740986395e+00
-2.162088392162018202e+00
-2.445841206513831523e+00
-2.307452638882413254e+00
-2.059130277851302093e+00
-2.235899013264390778e+00
-1.960113048628037369e+00
