-2.356194490192344837e+00
-2.089942441041419574e+00
-2.521343167606971747e+00
-2.723368324010563946e+00
-2.158798930342463951e+00
-3.017237659043031872e+00
-2.265534602991599922e+00
-2.930499320367046856e+00
-2.723368324010563946e+00
-2.622446539343270100e+00
-2.622446539343270100e+00
-2.736700867304709739e+00
-2.723368324010563946e+00
-2.944197093739912674e+00
-2.896613990462928889e+00
-2.843093722003613877e+00
-2.526929701667627537e+00
-2.654693421778524076e+00
-2.677945044588986967e+00
-2.819842099193150986e+00
-2.553590050042225723e+00
-2.746801533890031788e+00
-2.677945044588986967e+00
-2.761086276477428214e+00
-2.582993338246230675e+00
-2.709184878019255560e+00
-2.356194490192344837e+00
-2.512796367174360501e+00
-2.736700867304709739e+00
-2.976443976175166206e+00
-2.253112881669644629e+00
-2.645169900184911160e+00
-2.767259037582209480e+00
-2.279422598922566934e+00
-2.714965160462917027e+00
-2.356194490192344837e+00
-2.634494149197456281e+00
-2.819842099193150986e+00
-2.137525544318402915e+00
-2.455863142683507139e+00
-2.770701364777131026e+00
-2.158798930342463951e+00
-1.849095985800008002e+00
-1.975688113079979935e+00
-2.356194490192344837e+00
-2.870645803251372641e+00
-2.265534602991599922e+00
-1.943784048594957570e+00
-2.677945044588986967e+00
-2.914793805535907278e+00
-1.841743177133317255e+00
-2.275290391037114279e+00
-1.929566997065468748e+00
-3.047531418961806793e+00
-2.176340990399866726e+00
-2.985997825612763723e+00
-2.782821983319220926e+00
-2.914793805535907278e+00
-1.815774989921760785e+00
-1.969318772461316813e+00
-2.356194490192344837e+00
-2.993743288331037533e+00
-1.983206768392283825e+00
-2.826377953839082302e+00
