8.571428571428570953e-01
4.285714285714285476e-01
3.428571428571428381e+00
1.714285714285714191e+00
2.000000000000000111e-01
1.320000000000000062e+00
5.000000000000000000e-01
3.299999999999999822e+00
3.833333333333333481e+00
2.166666666666666519e+00
3.833333333333333481e+00
2.166666666666666519e+00
3.000000000000000000e+00
3.333333333333333481e+00
3.000000000000000000e+00
3.333333333333333481e+00
1.187500000000000000e+00
1.312500000000000000e+00
2.111111111111111160e+00
2.333333333333333481e+00
1.666666666666666741e+00
1.533333333333333437e+00
2.500000000000000000e+00
2.299999999999999822e+00
2.625000000000000000e+00
2.375000000000000000e+00
1.500000000000000000e+00
1.357142857142857206e+00
3.600000000000000089e+00
6.000000000000000000e+00
1.058823529411764719e+00
1.764705882352941124e+00
2.545454545454545414e+00
1.090909090909090828e+00
2.799999999999999822e+00
1.199999999999999956e+00
2.285714285714285587e+00
2.571428571428571619e+00
1.142857142857142794e+00
1.285714285714285809e+00
2.166666666666666519e+00
1.166666666666666741e+00
1.181818181818181879e+00
6.363636363636363535e-01
1.090909090909090828e+00
2.000000000000000000e+00
5.217391304347825942e-01
9.565217391304348116e-01
2.000000000000000000e+00
4.500000000000000000e+00
4.000000000000000222e-01
9.000000000000000222e-01
8.181818181818182323e-01
4.818181818181818343e+00
6.923076923076922906e-01
4.076923076923076650e+00
1.090909090909090828e+00
1.272727272727272707e+00
5.999999999999999778e-01
6.999999999999999556e-01
1.000000000000000000e+00
4.166666666666666963e+00
6.315789473684210176e-01
2.631578947368421240e+00
