1.636363636363636465e+00
5.454545454545454142e-01
5.586206896551724199e+00
1.862068965517241326e+00
5.684210526315789380e-01
4.105263157894736836e-01
1.636363636363636465e+00
1.181818181818181879e+00
1.181818181818181834e+01
7.818181818181818343e+00
6.842105263157894690e+00
4.526315789473684070e+00
3.500000000000000000e+00
2.312500000000000000e+00
4.000000000000000000e+00
2.642857142857142794e+00
1.051948051948051965e+00
7.792207792207792583e-01
3.115384615384615419e+00
2.307692307692307487e+00
1.072463768115942129e+00
7.826086956521739468e-01
2.176470588235293935e+00
1.588235294117646967e+00
2.103448275862068950e+00
2.758620689655172598e+00
2.346153846153846256e+00
3.076923076923077094e+00
3.299999999999999822e+00
3.100000000000000089e+00
1.885714285714285676e+00
1.771428571428571352e+00
5.857142857142856762e+00
3.571428571428571619e+00
4.555555555555555358e+00
2.777777777777777679e+00
1.011111111111111072e+01
9.555555555555555358e+00
3.956521739130434590e+00
3.739130434782608869e+00
1.357142857142857206e+00
3.357142857142857206e+00
2.483660130718954306e-01
6.143790849673202992e-01
2.636363636363636243e+00
2.727272727272727071e+00
5.878378378378378288e-01
6.081081081081081141e-01
5.416666666666666963e+00
1.050000000000000000e+01
8.904109589041095951e-01
1.726027397260273988e+00
1.361111111111111160e+00
8.055555555555555802e-01
1.000000000000000000e+00
5.918367346938775420e-01
2.240000000000000213e+00
5.400000000000000355e+00
5.436893203883494952e-01
1.310679611650485521e+00
8.771929824561403022e-01
4.912280701754385692e-01
7.042253521126760063e-01
3.943661971830985657e-01
