1.820000000000000062e+00
2.000000000000000111e-01
1.011111111111111072e+01
1.111111111111111160e+00
2.857142857142856984e-01
2.171428571428571264e+00
4.166666666666666852e-01
3.166666666666666519e+00
6.545454545454545858e+00
2.636363636363636243e+00
4.235294117647058876e+00
1.705882352941176405e+00
2.384615384615384581e+00
4.230769230769230838e+00
2.066666666666666874e+00
3.666666666666666519e+00
1.224489795918367374e+00
1.265306122448979664e+00
3.750000000000000000e+00
3.875000000000000000e+00
6.851851851851852304e-01
2.925925925925926041e+00
3.363636363636363757e+00
1.436363636363636331e+01
5.799999999999999822e+00
6.400000000000000355e+00
4.833333333333333037e+00
5.333333333333333037e+00
2.966666666666666785e+01
3.533333333333333570e+01
4.684210526315789380e+00
5.578947368421052211e+00
1.941176470588235281e+00
1.176470588235294157e+00
2.200000000000000178e+00
1.333333333333333259e+00
3.888888888888888840e+00
1.100000000000000000e+01
1.521739130434782705e+00
4.304347826086956097e+00
7.142857142857143016e-01
8.000000000000000444e-01
3.289473684210526550e-01
3.684210526315789269e-01
1.428571428571428603e+00
4.952380952380952550e+00
3.333333333333333148e-01
1.155555555555555447e+00
3.750000000000000000e+00
4.625000000000000000e+00
2.307692307692307487e+00
2.846153846153846256e+00
0.000000000000000000e+00
0.000000000000000000e+00
5.428571428571428825e+00
6.476190476190476275e+00
1.125000000000000000e+00
1.666666666666666741e+00
2.755102040816326259e-01
4.081632653061224580e-01
4.368421052631578760e+00
8.789473684210525661e+00
8.058252427184465772e-01
1.621359223300970820e+00
